# oST version 5.0 parameters


[image]

width
1920

height
1080

[kinect]

camera matrix
1058.262825 0.000000 916.261617
0.000000 1058.161986 498.851654
0.000000 0.000000 1.000000

distortion
0.037824 0.029006 -0.019596 -0.005669 0.000000

rectification
1.000000 0.000000 0.000000
0.000000 1.000000 0.000000
0.000000 0.000000 1.000000

projection
1134.682251 0.000000 907.993619 0.000000
0.000000 1120.652832 473.479378 0.000000
0.000000 0.000000 1.000000 0.000000

