# oST version 5.0 parameters


[image]

width
1920

height
1080

[kinect2]

camera matrix
1061.121887 0.000000 927.552502
0.000000 1059.255808 538.575447
0.000000 0.000000 1.000000

distortion
0.041290 -0.046449 -0.000401 -0.004372 0.000000

rectification
1.000000 0.000000 0.000000
0.000000 1.000000 0.000000
0.000000 0.000000 1.000000

projection
1061.740479 0.000000 913.111319 0.000000
0.000000 1071.826294 537.669816 0.000000
0.000000 0.000000 1.000000 0.000000

